0.93301	-0.35355	0.06699	0.00000
0.35355	0.86603	-0.35355	0.00000
0.06699	0.35355	0.93301	0.00000
0.00000	0.00000	0.00000	1.00000
